Instance	class	precision	recall	predicted class size	real class size
strain	1036608	0.00274486127693	0.736513028676	4918062750.0	18328800.0
strain	evo_1286_AP.033	0.218369475723	0.847714749161	401350050.0	103386900.0
strain	1220_AJ	0.000151797575173	0.287239568304	4918062750.0	2599050.0
strain	Sample19_56	3.7301272742e-05	1.0	4918062750.0	183450.0
strain	Sample22_57	0.000281055787668	0.999891493056	4918062750.0	1382400.0
strain	evo_1286_AP.037	0.159951144892	0.852623358409	401350050.0	75292800.0
strain	Sample23_271	0.998979979125	0.791380560974	31617000.0	39910950.0
strain	Sample6_289	1.94588814468e-05	0.892307692308	4918062750.0	107250.0
strain	Sample23_273	1.87268859064e-05	1.0	4918062750.0	92100.0
strain	Sample6_527	0.000410466499233	1.0	4918062750.0	2018700.0
strain	1035900	0.132818272805	0.98547759769	4918062750.0	662834550.0
strain	Sample9_2	6.76180880368e-05	1.0	4918062750.0	332550.0
strain	Sample6_722	9.82094016592e-06	0.607547169811	4918062750.0	79500.0
strain	Sample22_283	1.55244054176e-05	1.0	4918062750.0	76350.0
strain	1048993	0.999663007895	0.998101372299	6231600.0	6241350.0
strain	1285_BH	0.0117552383812	0.6912309334	4918062750.0	83637750.0
strain	evo_1286_AP.026	0.461116050689	0.839596544964	401350050.0	220426050.0
strain	Sample6_49	0.00017031096238	1.0	4918062750.0	837600.0
strain	evo_1035930.029	0.0593900311662	0.971038776204	4918062750.0	300795300.0
strain	1049005	0.0258816848158	0.629998745326	4918062750.0	202044450.0
strain	1365_A	0.0017663357386	0.585163030848	4918062750.0	14845350.0
strain	1286_AP	0.0383833264752	0.851181448238	401350050.0	18098550.0
strain	Sample16_19	7.39010497579e-05	1.0	4918062750.0	363450.0
strain	1139_AG	0.108797473151	0.589845401609	4918062750.0	907140750.0
strain	evo_1049056.031	0.00437599133927	0.961139358374	4918062750.0	22391550.0
strain	evo_1286_AP.008	0.12218000222	0.797638654047	401350050.0	61477650.0
strain	Sample19_20	0.00256122189576	1.0	4918062750.0	12596250.0
strain	evo_1049056.011	0.0937771991624	0.972343984266	4918062750.0	474319950.0
strain	evo_1049056.013	0.0198920093079	0.972767909745	4918062750.0	100568850.0
strain	1049089	0.0029194422133	0.635468601664	4918062750.0	22594350.0
strain	1220_AD	0.102728681126	0.595718512075	4918062750.0	848095350.0
strain	1030752	0.990867583259	0.653404053934	408818400.0	619960800.0
strain	1030755	0.00787996249133	0.767271409777	4918062750.0	50509050.0
strain	1035930	0.00648596848424	0.962662514033	4918062750.0	33135600.0
strain	evo_1035930.011	0.00340011928477	0.978040585	4918062750.0	17097450.0
strain	1052944	0.132264389826	0.95930723849	280669650.0	38697300.0
strain	1036755	0.999978991548	0.319172872951	64259850.0	201328200.0
strain	Sample23_288	0.000157226542097	0.998063891578	4918062750.0	774750.0
strain	evo_1035930.032	0.0195356494791	0.969103002097	4918062750.0	99140700.0
strain	1052947	0.340216158035	0.84461070416	280669650.0	113056050.0
strain	1053058	0.525919884818	0.959224911687	280669650.0	153884400.0
strain	1036539	0.0103848512303	0.974178430621	4918062750.0	52427100.0
strain	Sample22_89	0.000736509512816	0.999420577767	4918062750.0	3624300.0
strain	1036554	0.237072829134	0.951552625774	4918062750.0	1225301700.0
strain	Sample15_97	1.47314102489e-05	0.997933884298	4918062750.0	72600.0
strain	1036743	0.00211153263549	0.936553888611	4918062750.0	11088150.0
strain	Sample6_476	0.55223880597	1.0	20100.0	11100.0
strain	Sample18_57	0.000266812374446	0.394107311799	4918062750.0	3329550.0
strain	1049056	0.0477889998455	0.955593611901	4918062750.0	245951100.0
strain	evo_1049056.039	0.000629546664487	0.957996843962	4918062750.0	3231900.0
strain	Sample18_8	1.0	0.962151103317	1975200.0	2052900.0
strain	Sample9_65	8.35694908529e-06	1.0	4918062750.0	41100.0
strain	1030878	0.00206599641292	0.574289323533	4918062750.0	17692650.0
strain	1030836	0.017207720662	0.973718500774	4918062750.0	86912850.0
strain	evo_1049056.015	0.0474605168468	0.971132969326	4918062750.0	240352050.0
strain	1036728	0.00107829043052	0.949075192612	4918062750.0	5587650.0
strain	Sample19_52	0.000137645661394	1.0	4918062750.0	676950.0
strain	1048783	0.999117031691	0.967778521493	15629100.0	16135200.0
strain	1036707	0.00208884077374	0.946960164816	4918062750.0	10848450.0
strain	1036641	0.00513375922257	0.879562520575	4918062750.0	28705350.0
